,LowerProbability,UpperProbability
0,0.0031,0.0109
1,0.0131,0.0318
2,0.0344,0.0763
3,0.0685,0.1674
4,1.0,1.0
5,0.8978,0.9515
6,0.9925,0.9988
7,0.9944,0.9989
8,0.9866,0.9937
9,0.9458,0.9711
10,0.1763,0.2661
11,1.0,1.0
12,0.0029,0.0187
13,1.0,1.0
14,0.0003,0.0017
15,0.5063,0.6427
16,0.0081,0.0347
17,0.1508,0.2707
18,0.0085,0.0282
19,0.9925,0.9971
20,1.0,1.0
21,1.0,1.0
22,0.9504,0.9731
23,0.977,0.9924
24,0.0004,0.0022
25,0.3719,0.5657
26,0.1189,0.3714
27,0.1023,0.2825
28,0.5765,0.7437
29,0.8657,0.9356
30,1.0,1.0
31,0.988,0.9964
32,1.0,1.0
33,0.5079,0.6577
34,0.0005,0.0009
35,0.9199,0.9596
36,0.0,0.0
37,0.8874,0.9497
38,0.7017,0.8142
39,1.0,1.0
40,0.1774,0.3004
41,0.0457,0.0981
42,0.0086,0.0282
43,0.0,0.0007
44,0.0002,0.0003
45,1.0,1.0
46,0.9995,0.9999
47,0.9997,1.0
48,0.0657,0.207
49,0.865,0.932
50,0.0,0.0
